865857598091296779
865857593729351691
865857594299121685
865857589506211901
865857623982473216
865857587500285993
865857593398525982
865857595179794443
865857584527704074
865857595625439252
865857608291581992
865857598711398430
865857605976588298
865857588842463272
865857617485496351
865857583701426206
865857587299614740
865857614424440863
865857582560575508
865857628633825281
865857580848119859
865857584019013672
865857598196285440
865857589153234985
865857625815908362
865857595163803648
865857600796753920
865857587483115550
865857617435951124
865857596119973908
865857605686788097
865857603569451018
865857584228597770
865857590227238933
865857589560606741
865857614642806814
865857596959096872
865857600403013642
865857590775906335
865857585885347861
865857586703237170
865857581742030899
865857589350891530
865857589577252884
865857584753016833
865857624037916672
865857583638249504
865857606941933578
865857593078186016
865857589795225630
865857585730158642
865857591405051924
865857585210195979
865857642441080842
865857585847205888
865857596506505256
865857589325070356
865857590277963779
865857602394390528
865857585152655390
865857604630609950
865857585742610472
865857610250190859
865857586234654730
865857604109860875
865857604462051360
865857596074098708
865857599895240744
865857612783157288
865857603456335893
865857595288715294
865857591313825823
865857589173813285
865857583323152435
865857589660876810
865857585819287572
865857590101147658
865857594648297513
865857585944461312
865857593661325342
865857598728044574
865857611090231317
865857612657197066
865857614536376350
865857583999090749
865857610732929044
865857598536286208
865857587593216020
865857607070646292
865857581239238667
865857610191077377
865857612658638859
865857584526917632
865857603740368896
865857606551470100
865857596945727528
865857585148067851
865857591153393685
865857611542954024
865857597385998366
865857612116262923
865857584576331776
865857585511661578
865857608682438656
865857607754842112
865857589375926304
865857608916140082
865857583326953473
865857613434585089
865857601999994902
865857587622051870
865857595603550219
865857584397287504
865857588984938506
865857611382259722
865857619696680960
865857610661756958
865857630932828210
865857599869943818
865857585253318706
865857586363498506
865857595469201438
865857595113472020
865857582835957780
865857599354306570
865857586360221726
865857599525486602
865857590964518922
865857583942991916
865857598597890088
865857606047760384
865857603531964416
865857589329657876
865857614617640960
865857583130869782
865857588981792778
865857580709969941
865857610589929472
865857596078817290
865857599937445938
865857585765023754
865857580965298226
865857607263846410
865857596027699211
865857608930164756
865857628555313162
865857590603939860
865857583394324481
865857619150766091
865857597831381034
865857609256534056
865857584988553227
865857598263525376
865857610468425728
865857612280365076
865857619600080916
865857600059080724
865857599903891487
865857596844670976
865857594455621652
865857581914521610
865857588946796574
865857583734849547
865857586322341888
865857603074523177
865857586347507722
865857595951808522
865857612742393866
865857585499471913
865857598229708831
865857596078817280
865857590842621962
865857599295455242
865857584895492096
865857602843050004
865857614951612416
865273566987419658
865857600041648128
865857602519564298
865857607532281856
865857598325260288
865857586233737246
865857611235983370
865857612742131713
865857589996552214
865857583691988993
865857600272203786
865857585629233179
865857588699463712
865857594798899211
865857583805890560
865857625921290250
865857598560403457
865857596481470474
865857590905798676
865857580660293683
865857586405179412
865857600795967519
865857610154115092
865857598632361984
865857599525093416
865857626733281300
865857583704309791
865857599844777994
865857602083618847
865857596882419723
865857610963615744
865857589623521320
865857599119556628
865857614907048017
865857594438451220
865857585714561045
865857623932141588
865857589127544832
865857595486896158
865857597935714376
865857597411557407
865857598640750632
865857582366720011
865857589375795200
865857612121112607
865857589933113374
865857607465828354
865857581309100042
865857606626181120
865857581242515476
865857598820581417
865857610413506590
865857585927159848
865857585508909076
865857581272793088
865857589169094666
865857610892836884
863953303351328768
865857595838693376
865857585172447253
865857600112951296
865857589128593408
865857614234648586
865857588776271903
865857585545347092
865857598788206612
865857613831602176
865857613849821254
865857580298665984
865857650952765450
865857590671048724
865857590852452393
865857584523378698
865857585995710464
865857581289701386
865857581968261151
865857612732825620
865857599538987018
865857617564794880
865857589828911174
865857605900959806
865857623764369408
865857612339216415
865857589568339968
865857587391365120
865857582694268929
865857595557675008
865857599823413278
865857596997107752
865857585205608478
865857599899697163
865857602713944084
865857584697966623
865857608917057626
865857584530587689
865857593674432532
865857600838565939
865857609991323669
865857644610584596
865857594296238100
865857599597051916
865857597868998657
865857600023953439
865857585721507862
865857595175862283
865857610674208788
865857593401409546
865857609931554846
865857616068214785
865857586203721729
865857606709805097
865857593585827880
865857589476720680
865857589032386601
865857599768625162
865857590511927337
865857603178332160
865857589179056169
865857606212124702
865857611781373962
865857586548572190
865857626720960532
865857616591847454
865857597081255936
865857596005941308
865857607440662528
865857583058649088
865857623743004752
865857623962157097
865857616605610002
865857599378817024
865857598753341441
865857591350132757
865857611052220416
865857583397732353
865857614893678592
865857581444366337
865857585630674995
865857611131256833
865857599475417118
865857609214853130
865857596467576832
865857589160837140
865857624242257940
865857603350822922
865857616081453106
865857593632096267
865857609932210206
865857591425630208
865857598245961768
865857600990085120
865857602776727572
865857607247331328
865857599743590440
865857593250676747
865857597185327104
865857605158830110
865857646610087976
865857585131552788
865857608156971009
865857612595462164
865857602822864948
865857610636984320
865857611773378560
865857581322862642
865857626197590017
865857594195181578
865857591330471936
865857610330669056
865857618995183636
865857588842594365
865857597410902026
865857605406031902
865857615757967430
865857583579267093
865857603963060244
865857585353064469
865857593439289344
865857624008163398
865857599848054824
865857594945568778
865857607545651230
865857589011152916
865857600921796608
865857596849520681
865857588921630740
865857607431749661
865857611458412595
